Beveger seg til venstre, fanger alle, klarer ikkje å bevege seg til høyre om overlapp: 0.9 MR 0.0 CR SS
4.169811320754717, 1.5886792452830187, 4.109433962264151, 3.6264150943396225, 1.4641509433962265, 1.5132075471698112, 1.4867924528301888, 1.5773584905660378, 2.2075471698113205, 1.9056603773584904, 2.584905660377358, -5.0, -2.4339622641509435, 2.2075471698113205, 3.716981132075471, 3.830188679245282, 1.8301886792452828, 4.471698113207546, -0.7735849056603774, 3.1886792452830193, 0.6981132075471699, -3.150943396226415, 1.4905660377358485, 3.150943396226415, 2.849056603773585, -4.735849056603773, 1.1132075471698109, -1.7924528301886795, 1.150943396226415, -0.8490566037735849, -0.7924528301886795, -7.69811320754717, -6.679245283018869, -2.415094339622642]

Beveger seg til venstre, fanger alle bortsett fra 1-ere, shaker om det kommer overlapp: 0.6 MR 0.6 CR SS
4.305660377358491, 4.350943396226415, 3.218867924528302, 1.3471698113207546, 1.9169811320754717, 1.2754716981132075, 1.7433962264150944, 1.2, -2.2830188679245285, 4.433962264150942, -3.716981132075472, -0.16981132075471717, 4.547169811320755, 2.283018867924528, 3.6037735849056602, -2.169811320754717, 3.7924528301886795, 4.320754716981131, -2.6226415094339623, -0.4716981132075473, 3.3773584905660368, -1.7547169811320757, 4.2075471698113205, -4.245283018867925, 2.547169811320755, -0.6603773584905666, 1.415094339622641, 0.5471698113207548, -0.6603773584905666, 0.7735849056603774, -3.547169811320755, -8.0, -2.716981132075472, -0.4905660377358494

3: Beveger til venstre, wiggler, klarer det meste bortsett fra overlapp.
3.218867924528302, 4.411320754716981, 4.728301886792453, 1.150943396226415, 1.4377358490566037, 1.7622641509433963, 1.6150943396226416, 1.0641509433962264, 0.6981132075471699, -2.69811320754717, 1.0377358490566033, 0.6226415094339623, -1.7924528301886795, 0.5849056603773581, -2.8867924528301887, 3.1886792452830193, -0.056603773584905426, 3.3396226415094343, 0.2075471698113205, -4.433962264150943, -4.9245283018867925, -1.716981132075472, -0.3207547169811322, -3.7547169811320753, 1.6415094339622636, -2.7735849056603774, -3.0754716981132075, -2.3962264150943398, 3.6037735849056602, 2.3584905660377355, -6.264150943396226, -2.452830188679245, -2.8301886792452837, -0.6037735849056602

4 Beveger seg til høyre, wiggles for å catche, klarer 1ere. 
1.6943396226415093, 3.3245283018867924, 1.6037735849056602, 1.6188679245283017, 1.0075471698113208, 1.5018867924528303, 1.0377358490566038, 1.2, 1.566037735849056, -0.8490566037735849, 4.433962264150942, -1.9056603773584908, 4.3584905660377355, 1.6037735849056602, -1.9811320754716983, -2.8867924528301887, -3.415094339622642, -0.5471698113207548, -0.7358490566037741, 1.0754716981132075, -3.0, 3.7547169811320753, -3.5283018867924527, 2.547169811320755, 2.2452830188679247, 4.320754716981131, 1.7547169811320753, -0.8113207547169816, 1.4905660377358485, 0.8113207547169807, -3.9622641509433967, -8.566037735849056, -0.7547169811320753, -1.6603773584905657]

